      0/49        0G    0.1078   0.07262   0.05552    0.2359        91       640  0.001391 0.0006831 1.459e-05 4.297e-06   0.09849   0.05265   0.05427
      1/49        0G   0.09538   0.07728   0.04916    0.2218       101       640   0.02252   0.06699  0.008788  0.001391   0.08866    0.0552   0.04903
      2/49        0G   0.08519   0.07881   0.04291    0.2069        76       640     0.553   0.08008   0.03421  0.006408    0.0755    0.0526   0.03693
      3/49        0G   0.07686   0.07768    0.0372    0.1917        93       640    0.7164    0.1383    0.1016   0.02486    0.0676   0.05171   0.03061
      4/49        0G   0.07044   0.07569   0.03335    0.1795       109       640    0.6596    0.2033    0.1399   0.04033   0.06373   0.05048   0.02641
      5/49        0G   0.06745    0.0743   0.02998    0.1717        89       640    0.7151    0.2264    0.1991   0.06311   0.05978   0.04788   0.02281
      6/49        0G    0.0643   0.07168   0.02734    0.1633        59       640    0.7001    0.2761    0.2395   0.07796   0.05577   0.04484   0.02019
      7/49        0G   0.06305    0.0719   0.02478    0.1597       115       640    0.7427    0.2935     0.271   0.09467   0.05558   0.04323   0.01856
      8/49        0G   0.06279   0.06994   0.02376    0.1565       109       640    0.7661    0.3023    0.3311    0.1206   0.05524   0.04268   0.01716
      9/49        0G   0.05989   0.06788    0.0223    0.1501        60       640    0.6251     0.468     0.382      0.14   0.05312   0.04169   0.01613
     10/49        0G   0.05686   0.06546   0.02047    0.1428       106       640    0.5437       0.6    0.5026     0.187   0.04869    0.0407   0.01473
     11/49        0G   0.05633   0.06555   0.01862    0.1405        78       640    0.6082     0.549    0.4917    0.2068   0.04946   0.04039   0.01371
     12/49        0G   0.05542   0.06323   0.01734     0.136        72       640    0.6001    0.5587    0.5036    0.2018   0.05036   0.03941   0.01282
     13/49        0G   0.05787   0.06202   0.01617    0.1361        96       640    0.6626    0.5659    0.5586    0.2334   0.04973   0.03932   0.01208
     14/49        0G   0.05854   0.06168    0.0154    0.1356        98       640    0.5773    0.6038    0.5299    0.2192    0.0484    0.0399   0.01155
     15/49        0G   0.05406   0.05935   0.01421    0.1276        88       640    0.6916    0.6582    0.6248     0.289   0.04578   0.03857   0.01064
     16/49        0G   0.05465    0.0605   0.01321    0.1284        68       640    0.7726    0.6565    0.6868    0.3304    0.0435   0.03781  0.009604
     17/49        0G   0.05283   0.05996    0.0126    0.1254       101       640    0.8278    0.6663     0.695     0.347   0.04361   0.03763  0.009379
     18/49        0G   0.05195   0.06074   0.01146    0.1241        80       640    0.8519     0.686    0.7371    0.3596    0.0435   0.03694  0.008883
     19/49        0G   0.05103   0.05997   0.01137    0.1224        91       640    0.8131    0.6571    0.7071    0.3525   0.04035   0.03748  0.008475
     20/49        0G    0.0482   0.06071   0.01012     0.119        82       640    0.8644    0.6834    0.7654    0.3851   0.04119   0.03704  0.008056
     21/49        0G   0.04682   0.05813  0.009451    0.1144        98       640    0.8187    0.6671    0.7476    0.3655   0.04178   0.03671  0.007648
     22/49        0G   0.05028   0.05833  0.009895    0.1185       102       640    0.7695    0.7514    0.7728    0.3948   0.04241   0.03613  0.007674
     23/49        0G   0.04934    0.0572  0.009791    0.1163       102       640     0.835    0.6675     0.736     0.334   0.04879   0.03665  0.007857
     24/49        0G   0.04935   0.05968  0.009214    0.1182        76       640    0.8795    0.6957    0.7961     0.436   0.03972   0.03637  0.007856
     25/49        0G   0.04586   0.05739  0.008725     0.112        71       640    0.8689    0.7232    0.8135    0.4276   0.04004   0.03584  0.007338
     26/49        0G   0.04568   0.05658  0.008865    0.1111        63       640    0.8454    0.7565    0.8154      0.41   0.04385   0.03662  0.007541
     27/49        0G   0.04515   0.05731  0.008022    0.1105        47       640     0.849    0.7406     0.809    0.4088   0.04078   0.03647  0.007483
     28/49        0G   0.04384   0.05589  0.008059    0.1078        66       640    0.7865    0.7848    0.8019    0.4264   0.03953   0.03684  0.007043
     29/49        0G   0.04322   0.05455  0.007516    0.1053        87       640    0.8892    0.7646    0.8161    0.4492   0.04352   0.03544  0.006845
     30/49        0G   0.04207   0.05568  0.007828    0.1056       106       640    0.8483    0.8017    0.8284    0.4608   0.04056   0.03505  0.007328
     31/49        0G   0.04073   0.05649  0.007496    0.1047        71       640    0.8784    0.7742    0.8223    0.4678    0.0373   0.03524  0.007117
     32/49        0G   0.03961   0.05686  0.006885    0.1034       105       640    0.8668    0.7638    0.8053    0.4372   0.03806    0.0367  0.007091
     33/49        0G   0.03842   0.05697  0.006323    0.1017       116       640    0.8917    0.7927    0.8311    0.4604   0.03832   0.03504  0.007019
     34/49        0G   0.03869   0.05625  0.006856    0.1018        77       640     0.809    0.8158    0.8223    0.4744   0.03778   0.03474  0.007026
     35/49        0G   0.03931   0.05599  0.006625    0.1019        71       640    0.8582    0.7985    0.8353    0.4802    0.0377   0.03482  0.007062
     36/49        0G    0.0377   0.05247  0.006276   0.09644       111       640    0.7997    0.8159    0.8402    0.4613   0.03608   0.03527  0.007168
     37/49        0G   0.03686   0.05372  0.006671   0.09725        76       640    0.8384    0.8018     0.839    0.4665   0.03747   0.03497  0.007082
     38/49        0G   0.03707   0.05318  0.006376   0.09663       107       640    0.8216    0.8277     0.837     0.473   0.03651   0.03484  0.006972
     39/49        0G   0.03609   0.05659  0.005937   0.09862       109       640    0.8647    0.7952    0.8353    0.4778   0.03688   0.03489  0.007254
     40/49        0G   0.03582   0.05312  0.005807   0.09475        78       640    0.8295    0.8289    0.8432    0.4838   0.03638   0.03525  0.007191
     41/49        0G   0.03564   0.05202  0.005922   0.09358       101       640    0.8588    0.8108    0.8464    0.4865   0.03615   0.03464  0.007544
     42/49        0G   0.03513   0.05298  0.005511   0.09363       100       640    0.8678    0.8069    0.8529    0.4993   0.03596   0.03424  0.007261
     43/49        0G   0.03497   0.05135   0.00545   0.09177        79       640    0.8772    0.8058    0.8555    0.5044   0.03648     0.034  0.007006
     44/49        0G   0.03528   0.05083  0.005621   0.09172       118       640    0.8339    0.8144     0.853    0.5057   0.03689    0.0341  0.006929
     45/49        0G    0.0352   0.05347  0.005572   0.09425        98       640    0.8641    0.8072    0.8498    0.5109   0.03596   0.03457   0.00709
     46/49        0G   0.03462   0.05131  0.005515   0.09144       121       640    0.8558    0.8198    0.8567    0.5029   0.03539   0.03419   0.00694
     47/49        0G   0.03448   0.05274  0.005191   0.09242        92       640    0.9051    0.8223    0.8613    0.5019   0.03617   0.03423  0.007155
     48/49        0G   0.03454   0.05275  0.005305   0.09259        81       640    0.8704    0.8218    0.8534    0.4953   0.03556   0.03426  0.007041
     49/49        0G   0.03366   0.05205  0.005071   0.09079        90       640    0.8809    0.8057    0.8548    0.4942   0.03552   0.03404  0.007124
