      0/49        0G    0.1056   0.06385   0.05712    0.2265        91       640   0.00978   0.05327  0.003365  0.000658   0.09248   0.04568   0.05233
      1/49        0G   0.09464   0.07229   0.04998    0.2169        94       640   0.01809   0.06201  0.009799  0.001635   0.08105   0.04628   0.04647
      2/49        0G   0.08351   0.07115   0.04381    0.1985        57       640    0.3331    0.1034   0.02935  0.005806   0.07068   0.04567   0.03902
      3/49        0G   0.07335   0.07248   0.03879    0.1846        73       640    0.6738    0.1442   0.08011   0.01721   0.06654    0.0437   0.03357
      4/49        0G     0.068   0.07211   0.03505    0.1752       111       640    0.6472    0.1603    0.1745   0.05028   0.05804     0.044   0.02899
      5/49        0G   0.06484   0.06473   0.03237    0.1619       100       640    0.6558    0.2208    0.2056    0.0646   0.05437   0.04165   0.02625
      6/49        0G   0.06217   0.06412    0.0293    0.1556        81       640    0.8063    0.1966    0.2342   0.07372   0.05483   0.03945   0.02334
      7/49        0G   0.06198   0.06386   0.02691    0.1528        94       640    0.4455    0.3995    0.2883    0.1082   0.05219   0.03858    0.0213
      8/49        0G   0.05866   0.06162   0.02445    0.1447       114       640    0.5045    0.4657     0.344     0.107   0.05122   0.03664   0.01828
      9/49        0G   0.05655    0.0605   0.02225    0.1393       113       640    0.6121    0.4773    0.4554    0.1798   0.05013   0.03608   0.01712
     10/49        0G   0.05681   0.05745   0.01978     0.134        87       640    0.6384    0.5427    0.4919    0.1676   0.05099   0.03481    0.0132
     11/49        0G   0.05724   0.05636   0.01865    0.1322        91       640    0.5184    0.5207    0.4216    0.1557   0.05275    0.0344   0.01337
     12/49        0G   0.05749   0.05499   0.01703    0.1295        89       640    0.6523    0.5914    0.5357    0.1991   0.04878   0.03352   0.01356
     13/49        0G   0.05522   0.05565   0.01572    0.1266       114       640    0.7985    0.5963    0.6752    0.3041   0.04391   0.03373     0.012
     14/49        0G   0.05391   0.05259   0.01429    0.1208        67       640    0.6104    0.6481    0.5706    0.2377   0.04472   0.03262  0.008937
     15/49        0G    0.0535   0.05439   0.01432    0.1222        91       640    0.8535    0.6296    0.6965    0.3174   0.04713   0.03325   0.01055
     16/49        0G   0.05006   0.05297   0.01254    0.1156        96       640    0.7933    0.7445    0.7451    0.3733   0.04359   0.03162  0.007521
     17/49        0G   0.04983   0.05472   0.01155    0.1161        69       640    0.7836    0.7026    0.7217    0.3535   0.04188   0.03298   0.01032
     18/49        0G   0.04794   0.05147   0.01169    0.1111        84       640    0.8505    0.7374     0.756    0.3867   0.03968   0.03191  0.007463
     19/49        0G   0.05175   0.05006   0.01114     0.113       102       640    0.7588     0.686    0.7093    0.2679   0.04636    0.0318  0.006649
     20/49        0G   0.04951   0.05229    0.0105    0.1123       128       640    0.6709    0.7369    0.6982    0.3256   0.04348   0.03184  0.006822
     21/49        0G   0.04883   0.05379  0.009843    0.1125       102       640    0.8098     0.742    0.7475    0.3671   0.04202   0.03226  0.009263
     22/49        0G   0.04699   0.05015  0.009263    0.1064        67       640    0.8397    0.7447    0.7735    0.3488   0.03877   0.03149  0.007661
     23/49        0G   0.04575    0.0515  0.009476    0.1067        93       640    0.7627      0.75    0.7584    0.4047   0.04026   0.03164  0.007198
     24/49        0G   0.04684    0.0499  0.008936    0.1057       107       640    0.8719    0.7486    0.7872    0.4218   0.03975   0.03233  0.007086
     25/49        0G   0.04274   0.04944  0.008507    0.1007       112       640    0.8929    0.8013    0.8162    0.4485   0.03828   0.03196   0.00836
     26/49        0G     0.043    0.0495  0.008338    0.1008        92       640    0.8531     0.791    0.8149    0.3911   0.03841    0.0323  0.008987
     27/49        0G   0.04265   0.04963  0.008379    0.1007        86       640    0.7926     0.827    0.8266    0.4646   0.03717   0.03092  0.007335
     28/49        0G   0.04123   0.05092  0.007662   0.09981       105       640    0.8425    0.8188    0.8209    0.4625   0.03764   0.03117  0.005815
     29/49        0G   0.03911   0.04809  0.007398    0.0946        99       640    0.8377    0.7967    0.8004    0.4533   0.03874    0.0301  0.004982
     30/49        0G    0.0408   0.04737  0.007371   0.09555        57       640    0.8719    0.8049     0.829    0.4661   0.03752   0.03045  0.005801
     31/49        0G   0.03943   0.04677  0.007037   0.09325       102       640    0.8374    0.8188    0.8297    0.4749   0.03692   0.02991  0.005142
     32/49        0G   0.03888   0.04873  0.006788    0.0944       115       640    0.8428    0.8154    0.8388    0.4867   0.03737    0.0302  0.006451
     33/49        0G   0.03746   0.04942  0.006691   0.09357        59       640     0.863    0.8192    0.8445    0.5025   0.03639   0.02985  0.004438
     34/49        0G   0.03727   0.04722  0.006435   0.09092       104       640    0.8615    0.8066    0.8421    0.4807   0.03653   0.03028  0.004411
     35/49        0G    0.0362   0.04648  0.005634   0.08832       119       640      0.93     0.815    0.8559    0.5081    0.0358   0.02996  0.004616
     36/49        0G   0.03699   0.04672   0.00618   0.08989        81       640    0.8824    0.8078    0.8362    0.4961    0.0352    0.0302   0.00436
     37/49        0G   0.03572     0.047  0.005613   0.08833       110       640    0.8348    0.8164    0.8369    0.5011   0.03484   0.02985  0.004275
     38/49        0G   0.03526   0.04572  0.005781   0.08676        83       640     0.855    0.8391    0.8421    0.5027   0.03495   0.02984  0.004922
     39/49        0G   0.03596   0.04672  0.005864   0.08854        83       640    0.8709    0.8296    0.8511    0.5146   0.03465   0.02969  0.004518
     40/49        0G   0.03508   0.04586  0.005834   0.08677        89       640    0.8922    0.8107     0.848    0.5071   0.03487   0.03011  0.005106
     41/49        0G   0.03473   0.04679   0.00581   0.08733       122       640    0.8731    0.8057    0.8395    0.5054   0.03501   0.02945  0.004381
     42/49        0G   0.03435   0.04506  0.005572   0.08498        87       640    0.8493    0.8135      0.84     0.511   0.03427   0.02955   0.00423
     43/49        0G   0.03424   0.04547  0.005178   0.08489        80       640    0.8307    0.8471    0.8461    0.5166   0.03522   0.02959  0.004477
     44/49        0G   0.03394   0.04399  0.005294   0.08323        93       640    0.8252    0.8576    0.8516     0.515   0.03496   0.02998  0.005575
     45/49        0G   0.03356   0.04469  0.005173   0.08342        84       640    0.9248    0.8176    0.8509     0.526    0.0349    0.0295  0.005698
     46/49        0G     0.033   0.04388  0.005432   0.08231        68       640      0.92    0.8163    0.8534    0.5168   0.03483    0.0292  0.005247
     47/49        0G   0.03348   0.04473  0.005128   0.08333        79       640     0.887    0.8305    0.8498     0.507   0.03537   0.02959  0.005405
     48/49        0G    0.0326   0.04336  0.004603   0.08057       101       640    0.8974    0.8134    0.8497    0.5204   0.03467   0.02989  0.004812
     49/49        0G   0.03325   0.04403  0.004783   0.08206       100       640    0.8716    0.8392    0.8546    0.5102   0.03512   0.02982  0.005666
