      0/49        0G    0.1135   0.07553   0.05721    0.2462        47       640 0.0002881   0.01068 1.186e-05 1.803e-06     0.104   0.05026   0.05505
      1/49        0G    0.1064   0.08257   0.05505     0.244        59       640  0.005594   0.01159  0.000119 3.475e-05   0.09817   0.05205   0.05382
      2/49        0G    0.1004   0.08117   0.05251    0.2341        63       640   0.01061   0.01172 0.0007182 0.0001251   0.09637   0.05269   0.05236
      3/49        0G   0.09703   0.08864   0.04996    0.2356        40       640   0.02494   0.02956  0.003866 0.0005969   0.09255   0.05325   0.05048
      4/49        0G   0.09237   0.08718   0.04742     0.227        55       640   0.01527    0.1299  0.008856  0.001648   0.08826    0.0533   0.04756
      5/49        0G   0.08887   0.08955   0.04465    0.2231        45       640   0.07388   0.08494   0.02231  0.003919   0.08381   0.05109   0.04336
      6/49        0G   0.08434      0.09   0.04207    0.2164        48       640    0.2043    0.1027   0.02566  0.005412    0.0816    0.0508   0.04122
      7/49        0G   0.08128   0.08446   0.03911    0.2049        35       640    0.5793    0.1117   0.04472  0.008896   0.07692   0.04963   0.03708
      8/49        0G   0.07953   0.08499   0.03788    0.2024        55       640    0.6275    0.1099   0.06376   0.01781   0.07514   0.04876   0.03481
      9/49        0G   0.07493   0.08609   0.03511    0.1961        38       640    0.6041    0.1753   0.09371   0.02431   0.07101   0.04845   0.03189
     10/49        0G   0.07218   0.08512   0.03342    0.1907        41       640    0.6652    0.1542   0.09328   0.02538   0.06861   0.04908   0.03018
     11/49        0G   0.07049   0.08709   0.03139     0.189        61       640    0.6654     0.182     0.135   0.03483   0.06735   0.04823   0.02833
     12/49        0G   0.06811   0.08258   0.03017    0.1809        28       640    0.6459     0.199    0.1338   0.03853   0.06765   0.04751   0.02853
     13/49        0G   0.06802    0.0818   0.02797    0.1778        27       640    0.7056    0.2105    0.1673   0.05114   0.06419   0.04651   0.02491
     14/49        0G   0.06639   0.08458   0.02665    0.1776        50       640    0.6921    0.2366    0.1762   0.04478   0.06364   0.04508   0.02312
     15/49        0G   0.06596   0.08454   0.02625    0.1768        70       640    0.7757    0.2013    0.2083    0.0652   0.06173   0.04432   0.02239
     16/49        0G   0.06439   0.08026   0.02633     0.171        58       640    0.7387    0.2495    0.2218   0.06751   0.06008   0.04384   0.02149
     17/49        0G   0.06334   0.08031   0.02403    0.1677        66       640    0.7273    0.2923    0.2536   0.08006   0.05775   0.04292   0.02033
     18/49        0G   0.06142   0.08318   0.02429    0.1689        42       640    0.7011    0.2646    0.2202   0.06691   0.05811    0.0429   0.01932
     19/49        0G   0.06103   0.07585   0.02231    0.1592        41       640    0.7153    0.2683    0.2767   0.08611   0.05812   0.04122   0.01887
     20/49        0G   0.06167   0.07964   0.02252    0.1638        47       640    0.7231    0.3273    0.3095    0.1127   0.05558   0.04118   0.01844
     21/49        0G   0.05861   0.07921   0.02206    0.1599        43       640    0.7668    0.2783    0.3277    0.1306   0.05632    0.0411   0.01723
     22/49        0G   0.05939   0.07381   0.02161    0.1548        28       640    0.6473    0.4352    0.3153    0.1051   0.05519   0.04062   0.01692
     23/49        0G   0.05735   0.07865   0.02071    0.1567        36       640     0.636    0.5174    0.4283    0.1813   0.05125   0.04091   0.01608
     24/49        0G   0.05647   0.07458   0.02042    0.1515        69       640    0.6062     0.518    0.4085    0.1415   0.05325   0.03921   0.01579
     25/49        0G   0.05636   0.07389   0.01935    0.1496        31       640    0.6723    0.5191    0.4177    0.1472   0.05077   0.03939   0.01498
     26/49        0G   0.05526   0.06896   0.01887    0.1431        44       640    0.7594    0.5145    0.5325    0.2337   0.04761   0.03889   0.01416
     27/49        0G   0.05349    0.0715   0.01798     0.143        35       640     0.678    0.5316    0.4821    0.1938   0.05087   0.03876   0.01344
     28/49        0G   0.05557   0.07254   0.01984    0.1479        52       640    0.7984    0.4808    0.5383    0.2407   0.04745   0.03947   0.01352
     29/49        0G   0.05448   0.07113    0.0178    0.1434        29       640    0.7372    0.5134    0.4853    0.1964   0.05187   0.03805   0.01302
     30/49        0G   0.05496   0.06945   0.01757     0.142        36       640    0.8255    0.5152    0.5477    0.2286   0.04965   0.03784   0.01224
     31/49        0G   0.05344   0.07527    0.0153     0.144        57       640    0.7043    0.4703     0.468    0.1837   0.05199   0.03747   0.01173
     32/49        0G   0.05517   0.07211   0.01593    0.1432        42       640    0.7425    0.5378    0.4969    0.2051   0.05185   0.03746   0.01146
     33/49        0G   0.05432   0.07237   0.01535     0.142        43       640    0.8468    0.5542    0.5982    0.2937   0.04492   0.03743   0.01128
     34/49        0G   0.05473   0.06851   0.01602    0.1393        49       640    0.7706    0.5566     0.569    0.2473   0.04674   0.03694   0.01134
     35/49        0G   0.05171   0.06718   0.01488    0.1338        25       640    0.8141    0.5013    0.5841    0.2556   0.04744   0.03702   0.01093
     36/49        0G   0.05321   0.06829   0.01431    0.1358        31       640    0.8906    0.5581     0.655    0.3375   0.04347   0.03702   0.01049
     37/49        0G   0.05035   0.07029   0.01437     0.135        60       640    0.8558    0.5755    0.6563    0.3153    0.0438   0.03675   0.01002
     38/49        0G   0.04988   0.06687   0.01394    0.1307        56       640    0.8263    0.5921    0.6545     0.311    0.0441   0.03687  0.009954
     39/49        0G   0.05102   0.06805   0.01446    0.1335        67       640    0.9122     0.545    0.6569    0.3348   0.04204   0.03635  0.009743
     40/49        0G   0.04904   0.06856   0.01367    0.1313        53       640     0.911    0.5379    0.6734    0.3405   0.04407   0.03611  0.009746
     41/49        0G    0.0472   0.06736   0.01321    0.1278        57       640     0.871    0.5726    0.6513    0.3214   0.04351   0.03597  0.009418
     42/49        0G   0.04867   0.06603   0.01432     0.129        32       640    0.9259    0.5708     0.691    0.3358   0.04339   0.03637  0.009206
     43/49        0G    0.0494   0.06938   0.01294    0.1317        56       640    0.8898     0.593    0.6747    0.3407   0.04451   0.03594  0.009268
     44/49        0G   0.04802   0.06667   0.01272    0.1274        34       640    0.9109    0.5888    0.7143    0.3498   0.04407   0.03583  0.008941
     45/49        0G   0.04728   0.06736    0.0131    0.1277        59       640    0.8602    0.6361    0.7058    0.3587   0.04225   0.03591  0.008873
     46/49        0G   0.04701   0.06771   0.01278    0.1275        44       640    0.9083     0.601    0.6862     0.343   0.04286   0.03591  0.008583
     47/49        0G   0.04668    0.0697   0.01281    0.1292        44       640    0.9119    0.5928     0.775     0.358   0.04257   0.03587  0.008508
     48/49        0G    0.0465   0.06506   0.01157    0.1231        39       640    0.9203    0.6021     0.768    0.4084   0.04094   0.03537  0.008382
     49/49        0G    0.0481    0.0679   0.01303     0.129        33       640    0.9303    0.6148    0.7728    0.3838    0.0422   0.03576  0.008157
